{
  "advancedEditorSelectedIdentifier" : "ProjectBrowser",
  "openSceneRelativePaths" : [
    "Immersive.usda",
    "MilkBubbles.usda",
    "MilkMagic.usda"
  ],
  "recentIdentifiers" : {
    "2DDE3582-E2D5-4CFE-BE17-C98454C3EB4D" : [

    ],
    "2EAEC4FC-C7BA-4107-A0F9-069875EF089E" : [

    ],
    "3B272A26-DE20-4533-8B65-EB21962EDBC4" : [

    ],
    "AF09ED6F-1707-48FD-8720-65B998362C09" : [

    ],
    "D66134B1-3681-4A8E-AFE5-29F257229F3B" : [

    ],
    "EBEA2C83-3702-4525-B886-46810DB6DB64" : [

    ],
    "F82279F3-C2C4-48B3-AC4F-844AD096DB97" : [

    ]
  },
  "sceneCameraHistory" : {
    "2DDE3582-E2D5-4CFE-BE17-C98454C3EB4D" : [
      {
        "date" : 741591975.078068,
        "title" : "Untitled",
        "transform" : [
          0.84687793,
          4.5994764e-10,
          0.5317872,
          0,
          0.25494245,
          0.87759286,
          -0.405999,
          0,
          -0.46669272,
          0.4794068,
          0.743214,
          0,
          -0.20664717,
          0.42574117,
          0.42005506,
          1
        ]
      },
      {
        "date" : 741591940.635477,
        "title" : "Untitled",
        "transform" : [
          0.9673362,
          -1.318794e-10,
          -0.25349677,
          0,
          -0.1410601,
          0.8308762,
          -0.5382812,
          0,
          0.21062444,
          0.5564573,
          0.8037367,
          0,
          0.15463604,
          0.46592638,
          0.39925572,
          1
        ]
      },
      {
        "date" : 741591888.306365,
        "title" : "Untitled",
        "transform" : [
          0.9940635,
          -4.4387805e-10,
          -0.10880112,
          0,
          -0.055356696,
          0.8608919,
          -0.50576746,
          0,
          0.09366601,
          0.508788,
          0.85578126,
          0,
          0.097154476,
          0.44123214,
          0.44303504,
          1
        ]
      },
      {
        "date" : 741591697.120019,
        "title" : "Untitled",
        "transform" : [
          0.9940635,
          -4.4387805e-10,
          -0.10880112,
          0,
          -0.055356696,
          0.8608919,
          -0.50576746,
          0,
          0.09366601,
          0.508788,
          0.85578126,
          0,
          0.029111484,
          0.38444266,
          0.4842455,
          1
        ]
      },
      {
        "date" : 741591691.737188,
        "title" : "Untitled",
        "transform" : [
          0.3835598,
          -1.6138268e-10,
          0.92351604,
          0,
          0.39756045,
          0.9025973,
          -0.16511701,
          0,
          -0.83356315,
          0.4304858,
          0.34620005,
          0,
          -0.48629323,
          0.33998564,
          0.17625545,
          1
        ]
      },
      {
        "date" : 741590424.978405,
        "title" : "Untitled",
        "transform" : [
          0.9983766,
          -1.2752821e-10,
          -0.056957006,
          0,
          -0.025202962,
          0.89677304,
          -0.44177264,
          0,
          0.051077507,
          0.44249102,
          0.8953172,
          0,
          0.0054596784,
          0.34684986,
          0.51264286,
          1
        ]
      },
      {
        "date" : 741590407.048443,
        "title" : "Untitled",
        "transform" : [
          1,
          0,
          0,
          0,
          0,
          0.7071069,
          -0.70710677,
          0,
          0,
          0.70710677,
          0.7071069,
          0,
          -0.023747789,
          0.4929744,
          0.3735634,
          1
        ]
      },
      {
        "date" : 741590403.086896,
        "title" : "Untitled",
        "transform" : [
          1,
          0,
          0,
          0,
          0,
          0.7071069,
          -0.70710677,
          0,
          0,
          0.70710677,
          0.7071069,
          0,
          0,
          0.5521517,
          0.55215174,
          1
        ]
      }
    ],
    "2EAEC4FC-C7BA-4107-A0F9-069875EF089E" : [
      {
        "date" : 741589095.482838,
        "title" : "Untitled",
        "transform" : [
          -0.73650575,
          6.7235675e-09,
          0.67643136,
          0,
          0.10946789,
          0.98681843,
          0.11918977,
          0,
          -0.6675148,
          0.16183148,
          -0.7267974,
          0,
          -0.5176929,
          0.22205807,
          -0.3222648,
          1
        ]
      },
      {
        "date" : 741588997.058294,
        "title" : "Untitled",
        "transform" : [
          0.3009645,
          1.9049526e-09,
          0.9536354,
          0,
          0.4951973,
          0.85460836,
          -0.15628278,
          0,
          -0.8149847,
          0.5192732,
          0.25720665,
          0,
          -0.45188427,
          0.43808898,
          0.31384623,
          1
        ]
      },
      {
        "date" : 741588993.751586,
        "title" : "Untitled",
        "transform" : [
          0.28829956,
          3.2506993e-09,
          0.9575403,
          0,
          0.21617237,
          0.97418344,
          -0.06508591,
          0,
          -0.9328198,
          0.22575802,
          0.28085655,
          0,
          -0.5986177,
          0.20085713,
          0.39163083,
          1
        ]
      },
      {
        "date" : 741588985.241216,
        "title" : "Untitled",
        "transform" : [
          -0.45183444,
          8.859498e-09,
          0.8921018,
          0,
          0.5467355,
          0.79018974,
          0.2769123,
          0,
          -0.7049296,
          0.6128623,
          -0.35703498,
          0,
          -2.2637663,
          1.8577039,
          -0.249033,
          1
        ]
      },
      {
        "date" : 741588954.463111,
        "title" : "Untitled",
        "transform" : [
          -0.45183444,
          8.859498e-09,
          0.8921018,
          0,
          0.5467355,
          0.79018974,
          0.2769123,
          0,
          -0.7049296,
          0.6128623,
          -0.35703498,
          0,
          -32.861755,
          29.706377,
          -10.962421,
          1
        ]
      },
      {
        "date" : 741588942.343229,
        "title" : "Untitled",
        "transform" : [
          0.5865504,
          7.1991737e-09,
          0.80991274,
          0,
          0.5699851,
          0.7104367,
          -0.41279137,
          0,
          -0.5753917,
          0.7037611,
          0.41670683,
          0,
          -7.869444,
          12.307663,
          7.969494,
          1
        ]
      },
      {
        "date" : 741588934.074661,
        "title" : "Untitled",
        "transform" : [
          0.5865504,
          7.1991737e-09,
          0.80991274,
          0,
          0.5699851,
          0.7104367,
          -0.41279137,
          0,
          -0.5753917,
          0.7037611,
          0.41670683,
          0,
          -10.598225,
          21.758656,
          9.001139,
          1
        ]
      },
      {
        "date" : 741588922.900736,
        "title" : "Untitled",
        "transform" : [
          0.77643996,
          3.918588e-09,
          0.6301912,
          0,
          0.22567616,
          0.93368036,
          -0.27804893,
          0,
          -0.5883972,
          0.35810745,
          0.72494674,
          0,
          -31.416182,
          35.405964,
          42.941242,
          1
        ]
      },
      {
        "date" : 741588847.107946,
        "title" : "Untitled",
        "transform" : [
          0.99325573,
          1.9996884e-09,
          0.11594387,
          0,
          0.03243669,
          0.96006936,
          -0.27787524,
          0,
          -0.111314155,
          0.27976203,
          0.95359445,
          0,
          -1.5291061,
          32.88649,
          55.485348,
          1
        ]
      },
      {
        "date" : 741588811.956523,
        "title" : "Untitled",
        "transform" : [
          0.99325573,
          1.9996884e-09,
          0.11594387,
          0,
          0.03243669,
          0.96006936,
          -0.27787524,
          0,
          -0.111314155,
          0.27976203,
          0.95359445,
          0,
          -0.061779093,
          0.11079872,
          0.47394887,
          1
        ]
      }
    ],
    "3B272A26-DE20-4533-8B65-EB21962EDBC4" : [
      {
        "date" : 741589579.016889,
        "title" : "Untitled",
        "transform" : [
          0.87392116,
          -2.2515046e-08,
          -0.48606777,
          0,
          -0.22323252,
          0.8883007,
          -0.4013589,
          0,
          0.43177438,
          0.45926222,
          0.77630484,
          0,
          0.4218046,
          0.54261845,
          0.69256437,
          1
        ]
      },
      {
        "date" : 741589575.873307,
        "title" : "Untitled",
        "transform" : [
          0.87392116,
          -2.2515046e-08,
          -0.48606777,
          0,
          -0.22323252,
          0.8883007,
          -0.4013589,
          0,
          0.43177438,
          0.45926222,
          0.77630484,
          0,
          0.18502897,
          0.23802523,
          0.30380055,
          1
        ]
      },
      {
        "date" : 741589476.843396,
        "title" : "Untitled",
        "transform" : [
          0.87392116,
          -2.2515046e-08,
          -0.48606777,
          0,
          -0.22323252,
          0.8883007,
          -0.4013589,
          0,
          0.43177432,
          0.45926216,
          0.7763047,
          0,
          0.341255,
          0.43899778,
          0.56030935,
          1
        ]
      },
      {
        "date" : 741589439.473186,
        "title" : "Untitled",
        "transform" : [
          0.33490044,
          -1.9723316e-08,
          -0.94225365,
          0,
          -0.488629,
          0.85503215,
          -0.17367093,
          0,
          0.8056571,
          0.5185749,
          0.28635058,
          0,
          0.59680945,
          0.4825374,
          0.18465309,
          1
        ]
      },
      {
        "date" : 741589435.809855,
        "title" : "Untitled",
        "transform" : [
          0.8531139,
          -1.8813335e-08,
          -0.5217249,
          0,
          -0.24434955,
          0.88354343,
          -0.39955541,
          0,
          0.4609666,
          0.4683495,
          0.75376314,
          0,
          0.3617239,
          0.44569865,
          0.5418756,
          1
        ]
      },
      {
        "date" : 741589395.313485,
        "title" : "Untitled",
        "transform" : [
          0.88102925,
          -1.7829542e-08,
          -0.4730616,
          0,
          -0.104997866,
          0.97505724,
          -0.19554794,
          0,
          0.4612621,
          0.22195396,
          0.859054,
          0,
          0.37506616,
          0.26067692,
          0.6438117,
          1
        ]
      },
      {
        "date" : 741589362.727145,
        "title" : "Untitled",
        "transform" : [
          0.009500654,
          -5.328038e-09,
          -0.9999548,
          0,
          -0.49086732,
          0.87122196,
          -0.004663795,
          0,
          0.8711826,
          0.4908895,
          0.0082772495,
          0,
          0.639556,
          0.4622731,
          -0.019806411,
          1
        ]
      },
      {
        "date" : 741589347.468601,
        "title" : "Untitled",
        "transform" : [
          0.8134381,
          -5.414715e-09,
          -0.58165133,
          0,
          -0.21310012,
          0.930469,
          -0.2980201,
          0,
          0.5412085,
          0.36637092,
          0.75687903,
          0,
          0.42637926,
          0.36992604,
          0.5517935,
          1
        ]
      },
      {
        "date" : 741589328.215582,
        "title" : "Untitled",
        "transform" : [
          0.9969286,
          -9.964687e-10,
          -0.07831599,
          0,
          -0.036572427,
          0.88426507,
          -0.46555114,
          0,
          0.069252096,
          0.46698546,
          0.8815491,
          0,
          0.07683993,
          0.44469348,
          0.6476604,
          1
        ]
      },
      {
        "date" : 741589293.297784,
        "title" : "Untitled",
        "transform" : [
          0.9969286,
          -9.964687e-10,
          -0.07831599,
          0,
          -0.036572427,
          0.88426507,
          -0.46555114,
          0,
          0.069252096,
          0.46698546,
          0.8815491,
          0,
          0.10930343,
          0.63256854,
          0.9212854,
          1
        ]
      }
    ],
    "AF09ED6F-1707-48FD-8720-65B998362C09" : [
      {
        "date" : 741587369.664397,
        "title" : "Untitled",
        "transform" : [
          0.9975922,
          3.7618076e-08,
          -0.06935245,
          0,
          -0.014064531,
          0.9792206,
          -0.20230985,
          0,
          0.06791142,
          0.20279826,
          0.9768627,
          0,
          0.6569097,
          1.1935213,
          1.8635017,
          1
        ]
      },
      {
        "date" : 741587335.047277,
        "title" : "Untitled",
        "transform" : [
          0.9999847,
          3.8433306e-08,
          -0.005535952,
          0,
          0.00015757924,
          0.9995949,
          0.028461726,
          0,
          0.0055338033,
          -0.028462013,
          0.9995795,
          0,
          0.17880045,
          0.3252458,
          0.9717868,
          1
        ]
      },
      {
        "date" : 741587330.023188,
        "title" : "Untitled",
        "transform" : [
          0.9999847,
          3.8433306e-08,
          -0.005535952,
          0,
          0.00015757924,
          0.9995949,
          0.028461726,
          0,
          0.0055338033,
          -0.028462013,
          0.9995795,
          0,
          0.29259416,
          0.35062435,
          1.7156272,
          1
        ]
      },
      {
        "date" : 741587322.327595,
        "title" : "Untitled",
        "transform" : [
          0.9999847,
          3.8433306e-08,
          -0.005535952,
          0,
          0.00015757924,
          0.9995949,
          0.028461726,
          0,
          0.0055338033,
          -0.028462013,
          0.9995795,
          0,
          0.17684509,
          0.25837654,
          0.7601064,
          1
        ]
      },
      {
        "date" : 741584579.990048,
        "title" : "Untitled",
        "transform" : [
          0.9999847,
          3.8433306e-08,
          -0.005535952,
          0,
          0.00015757924,
          0.9995949,
          0.028461726,
          0,
          0.0055338033,
          -0.028462013,
          0.9995795,
          0,
          0.07641937,
          0.14128049,
          0.75732815,
          1
        ]
      },
      {
        "date" : 741563326.169758,
        "title" : "Untitled",
        "transform" : [
          0.9999847,
          3.8433306e-08,
          -0.005535952,
          0,
          0.00015757924,
          0.9995949,
          0.028461726,
          0,
          0.0055338033,
          -0.028462013,
          0.9995795,
          0,
          0.071654856,
          0.18079096,
          0.6633509,
          1
        ]
      },
      {
        "date" : 741563118.979025,
        "title" : "Untitled",
        "transform" : [
          0.9999847,
          3.8433306e-08,
          -0.005535952,
          0,
          0.00015757924,
          0.9995949,
          0.028461726,
          0,
          0.0055338033,
          -0.028462013,
          0.9995795,
          0,
          0.05034134,
          0.12754907,
          0.6619529,
          1
        ]
      },
      {
        "date" : 741563115.945961,
        "title" : "Untitled",
        "transform" : [
          0.9999701,
          3.8517044e-08,
          0.0077381134,
          0,
          0.0020771867,
          0.96329814,
          -0.2684258,
          0,
          -0.0074540256,
          0.26843396,
          0.9632692,
          0,
          0.042071402,
          0.3176906,
          0.5952204,
          1
        ]
      },
      {
        "date" : 741563114.219987,
        "title" : "Untitled",
        "transform" : [
          0.9999701,
          3.8517044e-08,
          0.0077381134,
          0,
          0.0020771867,
          0.96329814,
          -0.2684258,
          0,
          -0.0074540256,
          0.26843396,
          0.9632692,
          0,
          0.042071402,
          0.3176906,
          0.5952204,
          1
        ]
      },
      {
        "date" : 741562965.848324,
        "title" : "Untitled",
        "transform" : [
          0.9999701,
          3.8517044e-08,
          0.0077381134,
          0,
          0.0020771867,
          0.96329814,
          -0.2684258,
          0,
          -0.0074540256,
          0.26843396,
          0.9632692,
          0,
          0.0926626,
          0.31427032,
          0.596565,
          1
        ]
      }
    ],
    "D66134B1-3681-4A8E-AFE5-29F257229F3B" : [
      {
        "date" : 741128606.984581,
        "title" : "Untitled",
        "transform" : [
          1,
          0,
          0,
          0,
          0,
          0.7071069,
          -0.70710677,
          0,
          0,
          0.70710677,
          0.7071069,
          0,
          0,
          0.42767653,
          0.42798302,
          1
        ]
      }
    ],
    "EBEA2C83-3702-4525-B886-46810DB6DB64" : [
      {
        "date" : 741592026.973218,
        "title" : "Untitled",
        "transform" : [
          0.99990743,
          7.618273e-11,
          0.013606351,
          0,
          0.0038338057,
          0.9594832,
          -0.28173983,
          0,
          -0.013055066,
          0.28176594,
          0.9593944,
          0,
          0.06849765,
          0.35162762,
          0.55577093,
          1
        ]
      },
      {
        "date" : 741591993.664681,
        "title" : "Untitled",
        "transform" : [
          0.99990743,
          7.618273e-11,
          0.013606351,
          0,
          0.0038338057,
          0.9594832,
          -0.28173983,
          0,
          -0.013055066,
          0.28176594,
          0.9593944,
          0,
          0.17653158,
          0.6380891,
          1.4323283,
          1
        ]
      }
    ],
    "F82279F3-C2C4-48B3-AC4F-844AD096DB97" : [
      {
        "date" : 741589139.328542,
        "title" : "Untitled",
        "transform" : [
          0.8726395,
          1.5858664e-08,
          -0.48836488,
          0,
          -0.1407773,
          0.9575514,
          -0.2515493,
          0,
          0.46763444,
          0.28826252,
          0.8355972,
          0,
          0.31267703,
          0.40564725,
          0.7191887,
          1
        ]
      },
      {
        "date" : 741587980.078401,
        "title" : "Untitled",
        "transform" : [
          0.8626445,
          1.3310199e-08,
          -0.50581056,
          0,
          -0.01846999,
          0.9993331,
          -0.03150002,
          0,
          0.5054732,
          0.036515605,
          0.86206925,
          0,
          0.36615407,
          0.1949431,
          0.77940834,
          1
        ]
      },
      {
        "date" : 741587954.343897,
        "title" : "Untitled",
        "transform" : [
          0.6311948,
          1.2743727e-08,
          -0.77562433,
          0,
          -0.068067074,
          0.99614185,
          -0.055392265,
          0,
          0.7726318,
          0.08775775,
          0.62875956,
          0,
          0.6132027,
          0.238904,
          0.6000618,
          1
        ]
      },
      {
        "date" : 741587947.620224,
        "title" : "Untitled",
        "transform" : [
          0.74150693,
          1.3707108e-08,
          -0.67094517,
          0,
          -0.10138184,
          0.98851806,
          -0.11204394,
          0,
          0.6632413,
          0.15110296,
          0.73299295,
          0,
          0.51036084,
          0.2932161,
          0.680843,
          1
        ]
      },
      {
        "date" : 741587938.569086,
        "title" : "Untitled",
        "transform" : [
          0.7187178,
          1.0755116e-08,
          -0.695302,
          0,
          -0.27363342,
          0.9193049,
          -0.2828486,
          0,
          0.6391945,
          0.3935461,
          0.6607207,
          0,
          0.4900023,
          0.50073755,
          0.61922103,
          1
        ]
      },
      {
        "date" : 741587755.380926,
        "title" : "Untitled",
        "transform" : [
          0.87255687,
          3.4738612e-09,
          -0.48851237,
          0,
          -0.083895326,
          0.985143,
          -0.14984977,
          0,
          0.4812545,
          0.17173634,
          0.85959333,
          0,
          0.34401634,
          0.31089938,
          0.77489567,
          1
        ]
      },
      {
        "date" : 741587721.995141,
        "title" : "Untitled",
        "transform" : [
          0.9576339,
          3.690801e-09,
          -0.28798828,
          0,
          -0.11800489,
          0.91219527,
          -0.39239618,
          0,
          0.2627015,
          0.40975595,
          0.87354916,
          0,
          0.14943497,
          0.51459086,
          0.7690461,
          1
        ]
      },
      {
        "date" : 741587625.222626,
        "title" : "Untitled",
        "transform" : [
          0.9608317,
          3.6878343e-09,
          -0.27713263,
          0,
          -0.119627,
          0.90203655,
          -0.41475236,
          0,
          0.24998374,
          0.4316598,
          0.86670524,
          0,
          0.13825268,
          0.5333056,
          0.7621253,
          1
        ]
      },
      {
        "date" : 741587578.781148,
        "title" : "Untitled",
        "transform" : [
          0.9701892,
          3.7443266e-09,
          -0.24234882,
          0,
          -0.099330604,
          0.9121456,
          -0.39764783,
          0,
          0.2210574,
          0.4098663,
          0.88495374,
          0,
          0.1792369,
          0.81080824,
          1.2270247,
          1
        ]
      },
      {
        "date" : 741587550.828444,
        "title" : "Untitled",
        "transform" : [
          0.9701892,
          3.7443266e-09,
          -0.24234882,
          0,
          -0.099330604,
          0.9121456,
          -0.39764783,
          0,
          0.2210574,
          0.4098663,
          0.88495374,
          0,
          0.115083225,
          0.3659341,
          0.41417685,
          1
        ]
      }
    ]
  },
  "selectedSceneRelativePath" : "MilkMagic.usda"
}